$ 1 0.000005 1.0312258501325766 50 5 50 5e-11
v 432 496 432 80 0 0 40 12 0 0 0.5
w 576 400 576 496 0
w 576 496 432 496 0
r 512 208 576 144 0 1000
r 576 144 640 208 0 1000
r 512 336 576 400 0 1000
r 576 400 640 336 0 506
p 512 288 640 288 1 0 0
w 512 288 512 256 0
w 640 288 640 256 0
r 512 256 640 256 0 1000
370 512 208 512 256 1 0 0
370 640 208 640 256 1 0 0
370 512 288 512 336 1 0 0
370 640 288 640 336 1 0 0
w 576 80 432 80 0
370 576 80 576 144 1 0 0
38 3 F1 0 100 3000 -1 R1
38 6 F1 0 100 3000 -1 R4
38 0 F1 0 0 20 -1 Voltage
