$ 1 0.000005 10.20027730826997 50 5 43 5e-11
r 112 176 208 176 0 2000
r 208 176 256 176 0 3000
r 304 176 352 176 0 1500
w 208 176 208 112 0
w 400 176 400 112 0
r 208 112 400 112 0 1000
x 130 209 160 212 4 24 R1
x 237 215 267 218 4 24 R4
x 330 216 360 219 4 24 R3
x 280 91 310 94 4 24 R2
w 112 176 112 304 0
w 400 176 400 240 0
w 304 176 304 240 0
v 400 240 304 240 0 0 40 5 0 0 0.5
x 327 273 353 276 4 24 e2
v 400 304 112 304 0 0 40 5 0 0 0.5
w 400 240 400 304 0
x 237 344 263 347 4 24 e1
x 189 204 205 207 4 24 A
x 290 163 306 166 4 24 B
x 411 182 428 185 4 24 C
x 422 241 439 244 4 24 D
370 352 176 400 176 1 0 0
370 304 176 256 176 1 0 0
