$ 1 0.000005 10.20027730826997 50 5 50 5e-11
R 240 96 240 32 0 0 40 12 0 0 0.5
w 240 96 160 96 0
w 272 96 320 96 0
r 160 160 160 256 0 2000
r 240 96 240 176 0 2000
r 240 176 240 256 0 2000
w 160 256 240 256 0
w 240 176 272 176 0
r 272 176 272 256 0 2000
w 240 256 272 256 0
c 240 256 240 320 0 0.000004 11.999999999984768 0.001
r 240 320 240 368 0 2000
R 240 400 240 464 0 0 40 0 0 0 0.5
r 320 96 320 272 0 2000
w 240 400 320 400 0
r 320 352 320 272 0 2000
370 240 368 240 400 1 0 0
370 160 96 160 160 1 0 0
w 272 256 288 256 0
w 272 176 288 176 0
p 288 176 288 256 1 0 0
w 240 96 272 96 0
p 272 96 272 176 1 0 0
370 320 352 320 400 1 0 0
