$ 1 0.000005 10.20027730826997 50 5 50 5e-11
v 464 512 464 384 0 0 40 5 0 0 0.5
w 464 512 304 512 0
r 304 512 304 400 0 10000
r 304 400 304 320 0 2000
r 464 384 464 256 0 4000
r 304 320 304 256 0 2000
w 464 256 368 256 0
w 304 256 368 256 0
r 368 256 368 320 0 4000
v 368 320 368 352 0 0 40 -8 0 0 0.5
w 304 400 368 400 0
r 368 400 368 352 0 2000
x 493 338 523 341 4 24 R5
x 396 291 426 294 4 24 R2
x 399 389 429 392 4 24 R3
x 251 288 281 291 4 24 R1
x 253 370 283 373 4 24 R4
x 254 463 284 466 4 24 R6
x 390 339 420 342 4 24 U1
x 488 464 518 467 4 24 U2
