$ 1 0.000005 10.20027730826997 49 5 50 5e-11
v 560 832 272 832 0 0 40 5 0 0 0.5
w 272 832 272 768 0
w 560 768 560 832 0
w 272 768 272 688 0
w 560 768 560 688 0
r 272 688 352 688 0 1300
r 480 688 560 688 0 8000
x 463 664 507 667 4 24 R27
x 303 667 347 670 4 24 R13
x 570 612 586 615 4 24 B
x 238 693 255 696 4 24 C
x 569 694 585 697 4 24 E
w 384 608 448 608 0
x 375 521 392 524 4 24 D
x 386 634 402 637 4 24 A
x 416 570 446 573 4 24 R6
x 304 508 334 511 4 24 R4
w 352 528 384 528 0
r 384 528 384 608 0 4000
r 384 528 560 528 0 4000
r 272 528 352 528 0 2000
w 448 608 560 608 0
w 560 688 560 608 0
w 560 608 560 528 0
w 384 608 384 688 0
x 455 499 485 502 4 24 R5
x 375 716 389 719 4 24 F
w 272 528 272 688 0
370 384 688 480 688 1 0 0
370 352 688 384 688 1 0 0
368 384 608 336 608 0 0
