$ 1 0.000005 10.20027730826997 50 5 50 5e-11
R 320 64 320 16 0 0 40 12 0 0 0.5
r 320 96 320 176 0 100
t 272 192 320 192 0 1 -0.7427185968262988 0.713557101894253 100 default
r 320 208 320 288 0 10
370 320 64 320 96 1 0 0
g 320 336 320 368 0 0
w 320 96 272 96 0
w 320 336 272 336 0
r 272 96 272 192 0 2000
r 272 192 272 336 0 400
w 272 96 224 96 0
w 272 192 224 192 0
w 272 336 224 336 0
p 224 96 224 192 1 0 0
p 224 192 224 336 1 0 0
w 320 288 320 336 0
x 359 141 381 144 4 24 Rl
x 352 252 382 255 4 24 R2
x 271 119 301 122 4 24 R3\\
x 277 310 307 313 4 24 R4
