$ 1 0.000005 10.20027730826997 50 5 43 5e-11
r 192 128 192 224 0 1000
w 256 224 368 224 0
r 432 128 432 208 0 1000
z 256 352 256 224 2 default-zener
R 192 128 192 64 0 0 40 12 0 0 0.5
g 192 384 192 416 0 0
g 256 352 256 384 0 0
g 432 368 432 400 0 0
x 528 269 558 272 4 24 Rh
x 128 304 178 307 4 24 Rpot
x 126 185 156 188 4 24 R1
174 192 224 192 368 1 10000 0.005 Rpot
w 208 304 208 224 0
w 208 224 256 224 0
t 368 224 432 224 0 1 0.6211257604712266 0.6607046534473335 100 default
w 192 128 432 128 0
x 456 178 486 181 4 24 R2
g 512 352 512 384 0 0
r 512 240 512 352 0 1000
w 512 240 432 240 0
r 432 240 432 368 0 1000
x 450 329 480 332 4 24 R3
