$ 1 0.000005 10.20027730826997 50 5 50 5e-11
v 112 144 112 272 0 1 88.32 342 0 0 0.5
w 112 272 176 272 0
r 112 144 112 64 0 1
w 112 64 176 64 0
p 176 64 176 272 1 1 0
w 176 272 320 272 0
r 320 272 320 144 0 1150
s 320 144 320 64 0 1 false
370 176 64 320 64 1 1 0
w 320 272 416 272 0
l 416 272 416 144 0 12 -8.018208577343007e-18 0
s 416 144 416 64 0 1 false
w 320 64 416 64 0
w 416 272 496 272 0
c 496 272 496 176 0 0.000009999999999999999 332.48067158441216 0.001
s 496 176 496 64 0 0 false
w 416 64 496 64 0
x 129 199 146 202 4 24 U
x 130 95 160 98 4 24 R0
x 332 113 361 116 4 24 S1
x 190 146 219 149 4 24 V1
x 422 116 451 119 4 24 S2
x 508 127 537 130 4 24 S3
x 516 199 546 202 4 24 C1
x 425 200 451 203 4 24 L1
x 332 202 362 205 4 24 R1
x 231 40 260 43 4 24 A1
o 6 64 0 4099 0.0000762939453125 0.00009765625 0 2 6 3
o 10 64 0 4099 0.0000762939453125 0.00009765625 1 2 10 3
o 14 64 0 4099 640 12.8 2 2 14 3
38 2 F1 0 1 1000 -1 Resistance
38 0 F1 3 4 500 -1 Frequency
