$ 1 0.000005 10.20027730826997 50 5 50 5e-11
v 80 432 80 80 0 0 40 30 0 0 0.5
v 192 432 192 288 0 0 40 3 0 0 0.5
w 80 432 192 432 0
370 192 288 288 288 1 0 0
w 192 432 288 432 0
p 288 288 288 432 1 0 0
t 288 288 368 288 0 1 0.6759030410814479 0.6939910565805376 100 default
370 368 304 368 352 1 0 0
r 368 352 368 432 0 100
w 288 432 368 432 0
w 80 80 368 80 0
370 368 192 368 272 1 0 0
r 368 192 368 80 0 100000
w 368 432 480 432 0
w 368 352 480 352 0
p 480 352 480 432 1 0 0
w 480 432 560 432 0
w 560 432 560 368 0
w 368 272 560 272 0
p 560 272 560 368 1 0 0
