$ 1 0.000005 10.20027730826997 50 5 50 5e-11
v 64 288 64 400 0 1 102.786 171.4 0 0 0.5
w 64 400 112 400 0
p 112 288 112 400 1 1 0
w 64 288 112 288 0
w 64 288 64 192 0
w 112 400 208 400 0
r 64 192 160 192 0 120
c 192 192 320 192 0 0.0000024 -608.5451199283812 0.001
l 352 192 480 192 0 1 1.0725624417699864 0
w 64 192 64 128 0
w 160 192 160 128 0
w 160 192 192 192 0
w 192 192 192 128 0
w 320 192 320 128 0
w 320 192 352 192 0
w 352 192 352 128 0
w 480 192 480 128 0
w 192 192 192 256 0
w 320 192 320 256 0
w 352 192 352 256 0
w 480 192 480 256 0
w 480 192 544 192 0
370 544 400 208 400 1 1 0
w 544 192 544 400 0
p 64 128 160 128 1 1 0
p 192 128 320 128 1 1 0
p 352 128 480 128 1 1 0
s 192 256 320 256 0 1 false
s 352 256 480 256 0 1 false
x 226 286 255 289 4 24 S1
x 389 292 418 295 4 24 S2
o 8 64 0 4099 1280 1.6 0 2 8 3
o 7 64 0 4099 1280 1.6 1 2 7 3
o 6 64 0 4099 320 1.6 2 2 6 3
38 0 F1 3 4 500 -1 Frequency
