$ 1 0.000005 10.20027730826997 51 5 50 5e-11
x 231 40 260 43 4 24 A1
x 332 202 362 205 4 24 R1
x 429 228 455 231 4 24 L1
x 511 229 541 232 4 24 C1
x 505 114 534 117 4 24 S2
x 422 116 451 119 4 24 S1
x 190 146 219 149 4 24 V1
x 130 95 160 98 4 24 R0
x 129 199 146 202 4 24 U
w 416 64 496 64 0
s 496 144 496 64 0 0 false
c 496 272 496 224 0 0.000009999999999999999 -281.93605145535724 0.001
w 416 272 496 272 0
w 320 64 416 64 0
s 416 144 416 64 0 1 false
l 416 272 416 208 0 0.9 0 0
w 320 272 416 272 0
370 176 64 320 64 1 1 0
r 320 272 320 144 0 220
w 176 272 320 272 0
p 176 64 176 272 1 1 0
w 112 64 176 64 0
r 112 144 112 64 0 1
w 112 272 176 272 0
v 112 144 112 272 0 1 50 171.43 0 0 0.5
370 320 64 320 144 1 1 0
370 416 144 416 208 1 1 0
370 496 144 496 224 1 1 0
o 18 64 0 4099 5 0.1 0 2 18 3
o 15 64 0 4099 5 0.1 1 2 15 3
o 11 64 0 4099 5 0.1 2 2 11 3
