$ 1 0.000005 10.20027730826997 50 5 43 5e-11
v 96 144 160 144 0 1 50 328 0 0 0.5
v 96 192 160 192 0 1 50 328 0 2.0943951023931953 0.5
v 96 240 160 240 0 1 50 328 0 4.1887902047863905 0.5
w 96 144 96 192 0
w 96 192 96 240 0
w 96 240 96 288 0
w 96 288 96 352 0
w 160 144 192 144 0
w 160 192 192 192 0
w 160 240 192 240 0
p 192 144 192 192 1 1 0
p 192 192 192 240 1 1 0
w 192 144 304 144 0
w 192 192 304 192 0
w 192 240 304 240 0
p 304 144 304 240 1 1 0
370 304 144 416 144 1 1 0
370 304 192 416 192 1 1 0
370 352 240 416 240 1 1 0
s 304 240 352 240 0 1 false
r 416 144 512 144 0 800
r 416 192 512 192 0 800
r 416 240 512 240 0 800
w 512 144 512 192 0
w 512 192 512 240 0
s 304 288 352 288 0 0 false
370 352 288 416 288 1 1 0
w 96 288 304 288 0
w 416 288 512 288 0
w 512 288 512 240 0
w 512 288 512 352 0
p 96 352 512 352 1 1 0
w 416 144 416 128 0
w 416 192 416 176 0
w 416 240 416 224 0
p 560 128 416 128 1 1 0
p 560 176 416 176 1 1 0
p 560 224 416 224 1 1 0
w 560 128 560 176 0
w 560 176 560 224 0
w 560 224 560 288 0
w 560 288 512 288 0
x 153 119 183 122 4 24 Ua
x 149 171 179 174 4 24 Ub
x 150 225 179 228 4 24 Uc
x 209 162 253 165 4 24 Uab
x 213 211 255 214 4 24 Ubc
x 312 168 354 171 4 24 Uca
x 335 121 355 124 4 24 Ia
x 372 169 392 172 4 24 Ib
x 359 226 377 229 4 24 Ic
x 289 381 337 384 4 24 UnN
x 541 119 571 122 4 24 Ua
x 524 162 554 165 4 24 Ub
x 531 213 560 216 4 24 Uc
x 349 309 367 312 4 24 in
38 20 F1 0 400 2500 -1 Ra
38 21 F1 0 400 2500 -1 Rb
38 22 F1 0 400 2500 -1 Rc
