$ 1 0.000005 10.20027730826997 50 5 43 5e-11
x 245 435 287 438 4 24 Ubc
x 241 386 285 389 4 24 Uab
x 182 449 211 452 4 24 Uc
x 181 395 211 398 4 24 Ub
x 185 343 215 346 4 24 Ua
s 448 416 544 416 0 0 false
370 336 416 448 416 1 1 0
370 544 464 544 416 1 1 0
p 336 368 336 464 1 1 0
w 224 464 336 464 0
w 224 416 336 416 0
w 224 368 336 368 0
p 224 416 224 464 1 1 0
p 224 368 224 416 1 1 0
w 192 464 224 464 0
w 192 416 224 416 0
w 192 368 224 368 0
w 128 416 128 464 0
w 128 368 128 416 0
v 128 464 192 464 0 1 50 328 0 4.1887902047863905 0.5
v 128 416 192 416 0 1 50 328 0 2.0943951023931953 0.5
v 128 368 192 368 0 1 50 328 0 0 0.5
370 336 464 448 464 1 1 0
x 281 409 323 412 4 24 Uaс
x 364 346 384 349 4 24 Ia
x 402 406 422 409 4 24 Ib
x 398 451 416 454 4 24 Ic
r 544 464 544 544 0 1000
370 336 368 448 368 1 1 0
w 448 464 512 464 0
w 512 464 512 544 0
w 544 544 512 544 0
r 544 336 544 416 0 1000
370 544 336 544 288 1 1 0
w 448 368 512 368 0
w 544 288 528 288 0
w 528 288 528 368 0
w 528 368 512 368 0
r 672 336 672 416 0 1000
370 672 336 672 288 1 1 0
w 544 288 672 288 0
s 672 416 672 528 0 0 false
w 544 544 672 544 0
w 672 544 672 528 0
x 700 343 732 346 4 24 Ica
x 557 362 601 365 4 24 Rab
x 563 503 605 506 4 24 Rbc
x 563 466 595 469 4 24 Ibc
x 704 370 746 373 4 24 Rca
x 561 338 594 341 4 24 Iab
x 475 404 500 407 4 24 s1
x 694 480 719 483 4 24 s2
38 32 F1 0 200 2500 -1 Rab
38 27 F1 0 200 2500 -1 Rbc
38 38 F1 0 200 2500 -1 Rca
